id	ibge	localidade	valor	label
1	3500105	Adamantina	-	Taxa de Abandono do Ensino Fundamental – Anos Finais – Rede Privada (Em %): -
2	3500204	Adolfo	-	Taxa de Abandono do Ensino Fundamental – Anos Finais – Rede Privada (Em %): -
3	3500303	Aguaí	-	Taxa de Abandono do Ensino Fundamental – Anos Finais – Rede Privada (Em %): -
4	3500402	Águas da Prata	-	Taxa de Abandono do Ensino Fundamental – Anos Finais – Rede Privada (Em %): -
5	3500501	Águas de Lindóia	1.5	Taxa de Abandono do Ensino Fundamental – Anos Finais – Rede Privada (Em %): 1,5
6	3500600	Águas de São Pedro	-	Taxa de Abandono do Ensino Fundamental – Anos Finais – Rede Privada (Em %): -
7	3500709	Agudos	-	Taxa de Abandono do Ensino Fundamental – Anos Finais – Rede Privada (Em %): -
8	3500808	Alfredo Marcondes	-	Taxa de Abandono do Ensino Fundamental – Anos Finais – Rede Privada (Em %): -
9	3500907	Altair	-	Taxa de Abandono do Ensino Fundamental – Anos Finais – Rede Privada (Em %): -
10	3501004	Altinópolis	-	Taxa de Abandono do Ensino Fundamental – Anos Finais – Rede Privada (Em %): -
11	3501103	Alto Alegre	-	Taxa de Abandono do Ensino Fundamental – Anos Finais – Rede Privada (Em %): -
12	3501202	Álvares Florence	-	Taxa de Abandono do Ensino Fundamental – Anos Finais – Rede Privada (Em %): -
13	3501301	Álvares Machado	-	Taxa de Abandono do Ensino Fundamental – Anos Finais – Rede Privada (Em %): -
14	3501400	Álvaro de Carvalho	-	Taxa de Abandono do Ensino Fundamental – Anos Finais – Rede Privada (Em %): -
15	3501509	Alvinlândia	-	Taxa de Abandono do Ensino Fundamental – Anos Finais – Rede Privada (Em %): -
16	3501608	Americana	-	Taxa de Abandono do Ensino Fundamental – Anos Finais – Rede Privada (Em %): -
17	3501707	Américo Brasiliense	-	Taxa de Abandono do Ensino Fundamental – Anos Finais – Rede Privada (Em %): -
18	3501806	Américo de Campos	-	Taxa de Abandono do Ensino Fundamental – Anos Finais – Rede Privada (Em %): -
19	3501905	Amparo	-	Taxa de Abandono do Ensino Fundamental – Anos Finais – Rede Privada (Em %): -
20	3502002	Analândia	-	Taxa de Abandono do Ensino Fundamental – Anos Finais – Rede Privada (Em %): -
21	3502101	Andradina	0.4	Taxa de Abandono do Ensino Fundamental – Anos Finais – Rede Privada (Em %): 0,4
22	3502200	Angatuba	-	Taxa de Abandono do Ensino Fundamental – Anos Finais – Rede Privada (Em %): -
23	3502309	Anhembi	-	Taxa de Abandono do Ensino Fundamental – Anos Finais – Rede Privada (Em %): -
24	3502408	Anhumas	-	Taxa de Abandono do Ensino Fundamental – Anos Finais – Rede Privada (Em %): -
25	3502507	Aparecida	-	Taxa de Abandono do Ensino Fundamental – Anos Finais – Rede Privada (Em %): -
26	3502606	Aparecida d'Oeste	-	Taxa de Abandono do Ensino Fundamental – Anos Finais – Rede Privada (Em %): -
27	3502705	Apiaí	-	Taxa de Abandono do Ensino Fundamental – Anos Finais – Rede Privada (Em %): -
28	3502804	Araçatuba	-	Taxa de Abandono do Ensino Fundamental – Anos Finais – Rede Privada (Em %): -
29	3502903	Araçoiaba da Serra	-	Taxa de Abandono do Ensino Fundamental – Anos Finais – Rede Privada (Em %): -
30	3503000	Aramina	-	Taxa de Abandono do Ensino Fundamental – Anos Finais – Rede Privada (Em %): -
31	3503109	Arandu	-	Taxa de Abandono do Ensino Fundamental – Anos Finais – Rede Privada (Em %): -
32	3503208	Araraquara	-	Taxa de Abandono do Ensino Fundamental – Anos Finais – Rede Privada (Em %): -
33	3503307	Araras	-	Taxa de Abandono do Ensino Fundamental – Anos Finais – Rede Privada (Em %): -
34	3503406	Arealva	-	Taxa de Abandono do Ensino Fundamental – Anos Finais – Rede Privada (Em %): -
35	3503505	Areias	-	Taxa de Abandono do Ensino Fundamental – Anos Finais – Rede Privada (Em %): -
36	3503604	Areiópolis	-	Taxa de Abandono do Ensino Fundamental – Anos Finais – Rede Privada (Em %): -
37	3503703	Ariranha	-	Taxa de Abandono do Ensino Fundamental – Anos Finais – Rede Privada (Em %): -
38	3503802	Artur Nogueira	-	Taxa de Abandono do Ensino Fundamental – Anos Finais – Rede Privada (Em %): -
39	3503901	Arujá	-	Taxa de Abandono do Ensino Fundamental – Anos Finais – Rede Privada (Em %): -
40	3504008	Assis	-	Taxa de Abandono do Ensino Fundamental – Anos Finais – Rede Privada (Em %): -
41	3504107	Atibaia	0.2	Taxa de Abandono do Ensino Fundamental – Anos Finais – Rede Privada (Em %): 0,2
42	3504206	Auriflama	-	Taxa de Abandono do Ensino Fundamental – Anos Finais – Rede Privada (Em %): -
43	3504305	Avaí	-	Taxa de Abandono do Ensino Fundamental – Anos Finais – Rede Privada (Em %): -
44	3504404	Avanhandava	-	Taxa de Abandono do Ensino Fundamental – Anos Finais – Rede Privada (Em %): -
45	3504503	Avaré	-	Taxa de Abandono do Ensino Fundamental – Anos Finais – Rede Privada (Em %): -
46	3504602	Bady Bassitt	-	Taxa de Abandono do Ensino Fundamental – Anos Finais – Rede Privada (Em %): -
47	3504701	Balbinos	-	Taxa de Abandono do Ensino Fundamental – Anos Finais – Rede Privada (Em %): -
48	3504800	Bálsamo	-	Taxa de Abandono do Ensino Fundamental – Anos Finais – Rede Privada (Em %): -
49	3504909	Bananal	-	Taxa de Abandono do Ensino Fundamental – Anos Finais – Rede Privada (Em %): -
50	3505005	Barão de Antonina	-	Taxa de Abandono do Ensino Fundamental – Anos Finais – Rede Privada (Em %): -
51	3505104	Barbosa	-	Taxa de Abandono do Ensino Fundamental – Anos Finais – Rede Privada (Em %): -
52	3505203	Bariri	-	Taxa de Abandono do Ensino Fundamental – Anos Finais – Rede Privada (Em %): -
53	3505302	Barra Bonita	-	Taxa de Abandono do Ensino Fundamental – Anos Finais – Rede Privada (Em %): -
54	3505401	Barra do Turvo	-	Taxa de Abandono do Ensino Fundamental – Anos Finais – Rede Privada (Em %): -
55	3505500	Barretos	-	Taxa de Abandono do Ensino Fundamental – Anos Finais – Rede Privada (Em %): -
56	3505609	Barrinha	-	Taxa de Abandono do Ensino Fundamental – Anos Finais – Rede Privada (Em %): -
57	3505708	Barueri	0.1	Taxa de Abandono do Ensino Fundamental – Anos Finais – Rede Privada (Em %): 0,1
58	3505807	Bastos	-	Taxa de Abandono do Ensino Fundamental – Anos Finais – Rede Privada (Em %): -
59	3505906	Batatais	-	Taxa de Abandono do Ensino Fundamental – Anos Finais – Rede Privada (Em %): -
60	3506003	Bauru	-	Taxa de Abandono do Ensino Fundamental – Anos Finais – Rede Privada (Em %): -
61	3506102	Bebedouro	0.2	Taxa de Abandono do Ensino Fundamental – Anos Finais – Rede Privada (Em %): 0,2
62	3506201	Bento de Abreu	-	Taxa de Abandono do Ensino Fundamental – Anos Finais – Rede Privada (Em %): -
63	3506300	Bernardino de Campos	-	Taxa de Abandono do Ensino Fundamental – Anos Finais – Rede Privada (Em %): -
64	3506409	Bilac	-	Taxa de Abandono do Ensino Fundamental – Anos Finais – Rede Privada (Em %): -
65	3506508	Birigui	-	Taxa de Abandono do Ensino Fundamental – Anos Finais – Rede Privada (Em %): -
66	3506607	Biritiba Mirim	-	Taxa de Abandono do Ensino Fundamental – Anos Finais – Rede Privada (Em %): -
67	3506706	Boa Esperança do Sul	-	Taxa de Abandono do Ensino Fundamental – Anos Finais – Rede Privada (Em %): -
68	3506805	Bocaina	-	Taxa de Abandono do Ensino Fundamental – Anos Finais – Rede Privada (Em %): -
69	3506904	Bofete	-	Taxa de Abandono do Ensino Fundamental – Anos Finais – Rede Privada (Em %): -
70	3507001	Boituva	-	Taxa de Abandono do Ensino Fundamental – Anos Finais – Rede Privada (Em %): -
71	3507100	Bom Jesus dos Perdões	-	Taxa de Abandono do Ensino Fundamental – Anos Finais – Rede Privada (Em %): -
72	3507209	Borá	-	Taxa de Abandono do Ensino Fundamental – Anos Finais – Rede Privada (Em %): -
73	3507308	Boracéia	-	Taxa de Abandono do Ensino Fundamental – Anos Finais – Rede Privada (Em %): -
74	3507407	Borborema	-	Taxa de Abandono do Ensino Fundamental – Anos Finais – Rede Privada (Em %): -
75	3507506	Botucatu	-	Taxa de Abandono do Ensino Fundamental – Anos Finais – Rede Privada (Em %): -
76	3507605	Bragança Paulista	-	Taxa de Abandono do Ensino Fundamental – Anos Finais – Rede Privada (Em %): -
77	3507704	Braúna	-	Taxa de Abandono do Ensino Fundamental – Anos Finais – Rede Privada (Em %): -
78	3507803	Brodowski	-	Taxa de Abandono do Ensino Fundamental – Anos Finais – Rede Privada (Em %): -
79	3507902	Brotas	-	Taxa de Abandono do Ensino Fundamental – Anos Finais – Rede Privada (Em %): -
80	3508009	Buri	-	Taxa de Abandono do Ensino Fundamental – Anos Finais – Rede Privada (Em %): -
81	3508108	Buritama	-	Taxa de Abandono do Ensino Fundamental – Anos Finais – Rede Privada (Em %): -
82	3508207	Buritizal	-	Taxa de Abandono do Ensino Fundamental – Anos Finais – Rede Privada (Em %): -
83	3508306	Cabrália Paulista	-	Taxa de Abandono do Ensino Fundamental – Anos Finais – Rede Privada (Em %): -
84	3508405	Cabreúva	-	Taxa de Abandono do Ensino Fundamental – Anos Finais – Rede Privada (Em %): -
85	3508504	Caçapava	-	Taxa de Abandono do Ensino Fundamental – Anos Finais – Rede Privada (Em %): -
86	3508603	Cachoeira Paulista	-	Taxa de Abandono do Ensino Fundamental – Anos Finais – Rede Privada (Em %): -
87	3508702	Caconde	-	Taxa de Abandono do Ensino Fundamental – Anos Finais – Rede Privada (Em %): -
88	3508801	Cafelândia	-	Taxa de Abandono do Ensino Fundamental – Anos Finais – Rede Privada (Em %): -
89	3508900	Caiabu	-	Taxa de Abandono do Ensino Fundamental – Anos Finais – Rede Privada (Em %): -
90	3509007	Caieiras	-	Taxa de Abandono do Ensino Fundamental – Anos Finais – Rede Privada (Em %): -
91	3509106	Caiuá	-	Taxa de Abandono do Ensino Fundamental – Anos Finais – Rede Privada (Em %): -
92	3509205	Cajamar	-	Taxa de Abandono do Ensino Fundamental – Anos Finais – Rede Privada (Em %): -
93	3509304	Cajobi	-	Taxa de Abandono do Ensino Fundamental – Anos Finais – Rede Privada (Em %): -
94	3509403	Cajuru	-	Taxa de Abandono do Ensino Fundamental – Anos Finais – Rede Privada (Em %): -
95	3509502	Campinas	-	Taxa de Abandono do Ensino Fundamental – Anos Finais – Rede Privada (Em %): -
96	3509601	Campo Limpo Paulista	-	Taxa de Abandono do Ensino Fundamental – Anos Finais – Rede Privada (Em %): -
97	3509700	Campos do Jordão	0.4	Taxa de Abandono do Ensino Fundamental – Anos Finais – Rede Privada (Em %): 0,4
98	3509809	Campos Novos Paulista	-	Taxa de Abandono do Ensino Fundamental – Anos Finais – Rede Privada (Em %): -
99	3509908	Cananéia	-	Taxa de Abandono do Ensino Fundamental – Anos Finais – Rede Privada (Em %): -
100	3510005	Cândido Mota	-	Taxa de Abandono do Ensino Fundamental – Anos Finais – Rede Privada (Em %): -
101	3510104	Cândido Rodrigues	-	Taxa de Abandono do Ensino Fundamental – Anos Finais – Rede Privada (Em %): -
102	3510203	Capão Bonito	-	Taxa de Abandono do Ensino Fundamental – Anos Finais – Rede Privada (Em %): -
103	3510302	Capela do Alto	-	Taxa de Abandono do Ensino Fundamental – Anos Finais – Rede Privada (Em %): -
104	3510401	Capivari	-	Taxa de Abandono do Ensino Fundamental – Anos Finais – Rede Privada (Em %): -
105	3510500	Caraguatatuba	-	Taxa de Abandono do Ensino Fundamental – Anos Finais – Rede Privada (Em %): -
106	3510609	Carapicuíba	-	Taxa de Abandono do Ensino Fundamental – Anos Finais – Rede Privada (Em %): -
107	3510708	Cardoso	-	Taxa de Abandono do Ensino Fundamental – Anos Finais – Rede Privada (Em %): -
108	3510807	Casa Branca	-	Taxa de Abandono do Ensino Fundamental – Anos Finais – Rede Privada (Em %): -
109	3510906	Cássia dos Coqueiros	-	Taxa de Abandono do Ensino Fundamental – Anos Finais – Rede Privada (Em %): -
110	3511003	Castilho	-	Taxa de Abandono do Ensino Fundamental – Anos Finais – Rede Privada (Em %): -
111	3511102	Catanduva	0.1	Taxa de Abandono do Ensino Fundamental – Anos Finais – Rede Privada (Em %): 0,1
112	3511201	Catiguá	-	Taxa de Abandono do Ensino Fundamental – Anos Finais – Rede Privada (Em %): -
113	3511300	Cedral	-	Taxa de Abandono do Ensino Fundamental – Anos Finais – Rede Privada (Em %): -
114	3511409	Cerqueira César	-	Taxa de Abandono do Ensino Fundamental – Anos Finais – Rede Privada (Em %): -
115	3511508	Cerquilho	-	Taxa de Abandono do Ensino Fundamental – Anos Finais – Rede Privada (Em %): -
116	3511607	Cesário Lange	-	Taxa de Abandono do Ensino Fundamental – Anos Finais – Rede Privada (Em %): -
117	3511706	Charqueada	-	Taxa de Abandono do Ensino Fundamental – Anos Finais – Rede Privada (Em %): -
118	3557204	Chavantes	-	Taxa de Abandono do Ensino Fundamental – Anos Finais – Rede Privada (Em %): -
119	3511904	Clementina	-	Taxa de Abandono do Ensino Fundamental – Anos Finais – Rede Privada (Em %): -
120	3512001	Colina	-	Taxa de Abandono do Ensino Fundamental – Anos Finais – Rede Privada (Em %): -
121	3512100	Colômbia	-	Taxa de Abandono do Ensino Fundamental – Anos Finais – Rede Privada (Em %): -
122	3512209	Conchal	-	Taxa de Abandono do Ensino Fundamental – Anos Finais – Rede Privada (Em %): -
123	3512308	Conchas	-	Taxa de Abandono do Ensino Fundamental – Anos Finais – Rede Privada (Em %): -
124	3512407	Cordeirópolis	-	Taxa de Abandono do Ensino Fundamental – Anos Finais – Rede Privada (Em %): -
125	3512506	Coroados	-	Taxa de Abandono do Ensino Fundamental – Anos Finais – Rede Privada (Em %): -
126	3512605	Coronel Macedo	-	Taxa de Abandono do Ensino Fundamental – Anos Finais – Rede Privada (Em %): -
127	3512704	Corumbataí	-	Taxa de Abandono do Ensino Fundamental – Anos Finais – Rede Privada (Em %): -
128	3512803	Cosmópolis	-	Taxa de Abandono do Ensino Fundamental – Anos Finais – Rede Privada (Em %): -
129	3512902	Cosmorama	-	Taxa de Abandono do Ensino Fundamental – Anos Finais – Rede Privada (Em %): -
130	3513009	Cotia	-	Taxa de Abandono do Ensino Fundamental – Anos Finais – Rede Privada (Em %): -
131	3513108	Cravinhos	-	Taxa de Abandono do Ensino Fundamental – Anos Finais – Rede Privada (Em %): -
132	3513207	Cristais Paulista	-	Taxa de Abandono do Ensino Fundamental – Anos Finais – Rede Privada (Em %): -
133	3513306	Cruzália	-	Taxa de Abandono do Ensino Fundamental – Anos Finais – Rede Privada (Em %): -
134	3513405	Cruzeiro	-	Taxa de Abandono do Ensino Fundamental – Anos Finais – Rede Privada (Em %): -
135	3513504	Cubatão	-	Taxa de Abandono do Ensino Fundamental – Anos Finais – Rede Privada (Em %): -
136	3513603	Cunha	-	Taxa de Abandono do Ensino Fundamental – Anos Finais – Rede Privada (Em %): -
137	3513702	Descalvado	-	Taxa de Abandono do Ensino Fundamental – Anos Finais – Rede Privada (Em %): -
138	3513801	Diadema	0.1	Taxa de Abandono do Ensino Fundamental – Anos Finais – Rede Privada (Em %): 0,1
139	3513900	Divinolândia	-	Taxa de Abandono do Ensino Fundamental – Anos Finais – Rede Privada (Em %): -
140	3514007	Dobrada	-	Taxa de Abandono do Ensino Fundamental – Anos Finais – Rede Privada (Em %): -
141	3514106	Dois Córregos	2.2	Taxa de Abandono do Ensino Fundamental – Anos Finais – Rede Privada (Em %): 2,2
142	3514205	Dolcinópolis	-	Taxa de Abandono do Ensino Fundamental – Anos Finais – Rede Privada (Em %): -
143	3514304	Dourado	-	Taxa de Abandono do Ensino Fundamental – Anos Finais – Rede Privada (Em %): -
144	3514403	Dracena	-	Taxa de Abandono do Ensino Fundamental – Anos Finais – Rede Privada (Em %): -
145	3514502	Duartina	-	Taxa de Abandono do Ensino Fundamental – Anos Finais – Rede Privada (Em %): -
146	3514601	Dumont	-	Taxa de Abandono do Ensino Fundamental – Anos Finais – Rede Privada (Em %): -
147	3514700	Echaporã	-	Taxa de Abandono do Ensino Fundamental – Anos Finais – Rede Privada (Em %): -
148	3514809	Eldorado	-	Taxa de Abandono do Ensino Fundamental – Anos Finais – Rede Privada (Em %): -
149	3514908	Elias Fausto	-	Taxa de Abandono do Ensino Fundamental – Anos Finais – Rede Privada (Em %): -
150	3515004	Embu das Artes	-	Taxa de Abandono do Ensino Fundamental – Anos Finais – Rede Privada (Em %): -
151	3515103	Embu-Guaçu	-	Taxa de Abandono do Ensino Fundamental – Anos Finais – Rede Privada (Em %): -
152	3515202	Estrela d'Oeste	-	Taxa de Abandono do Ensino Fundamental – Anos Finais – Rede Privada (Em %): -
153	3515301	Estrela do Norte	-	Taxa de Abandono do Ensino Fundamental – Anos Finais – Rede Privada (Em %): -
154	3515400	Fartura	-	Taxa de Abandono do Ensino Fundamental – Anos Finais – Rede Privada (Em %): -
155	3515509	Fernandópolis	-	Taxa de Abandono do Ensino Fundamental – Anos Finais – Rede Privada (Em %): -
156	3515608	Fernando Prestes	-	Taxa de Abandono do Ensino Fundamental – Anos Finais – Rede Privada (Em %): -
157	3515707	Ferraz de Vasconcelos	-	Taxa de Abandono do Ensino Fundamental – Anos Finais – Rede Privada (Em %): -
158	3515806	Flora Rica	-	Taxa de Abandono do Ensino Fundamental – Anos Finais – Rede Privada (Em %): -
159	3515905	Floreal	-	Taxa de Abandono do Ensino Fundamental – Anos Finais – Rede Privada (Em %): -
160	3516002	Flórida Paulista	-	Taxa de Abandono do Ensino Fundamental – Anos Finais – Rede Privada (Em %): -
161	3516101	Florínia	-	Taxa de Abandono do Ensino Fundamental – Anos Finais – Rede Privada (Em %): -
162	3516200	Franca	0.2	Taxa de Abandono do Ensino Fundamental – Anos Finais – Rede Privada (Em %): 0,2
163	3516309	Francisco Morato	-	Taxa de Abandono do Ensino Fundamental – Anos Finais – Rede Privada (Em %): -
164	3516408	Franco da Rocha	-	Taxa de Abandono do Ensino Fundamental – Anos Finais – Rede Privada (Em %): -
165	3516507	Gabriel Monteiro	-	Taxa de Abandono do Ensino Fundamental – Anos Finais – Rede Privada (Em %): -
166	3516606	Gália	-	Taxa de Abandono do Ensino Fundamental – Anos Finais – Rede Privada (Em %): -
167	3516705	Garça	-	Taxa de Abandono do Ensino Fundamental – Anos Finais – Rede Privada (Em %): -
168	3516804	Gastão Vidigal	-	Taxa de Abandono do Ensino Fundamental – Anos Finais – Rede Privada (Em %): -
169	3516903	General Salgado	-	Taxa de Abandono do Ensino Fundamental – Anos Finais – Rede Privada (Em %): -
170	3517000	Getulina	-	Taxa de Abandono do Ensino Fundamental – Anos Finais – Rede Privada (Em %): -
171	3517109	Glicério	-	Taxa de Abandono do Ensino Fundamental – Anos Finais – Rede Privada (Em %): -
172	3517208	Guaiçara	-	Taxa de Abandono do Ensino Fundamental – Anos Finais – Rede Privada (Em %): -
173	3517307	Guaimbê	-	Taxa de Abandono do Ensino Fundamental – Anos Finais – Rede Privada (Em %): -
174	3517406	Guaíra	-	Taxa de Abandono do Ensino Fundamental – Anos Finais – Rede Privada (Em %): -
175	3517505	Guapiaçu	-	Taxa de Abandono do Ensino Fundamental – Anos Finais – Rede Privada (Em %): -
176	3517604	Guapiara	-	Taxa de Abandono do Ensino Fundamental – Anos Finais – Rede Privada (Em %): -
177	3517703	Guará	-	Taxa de Abandono do Ensino Fundamental – Anos Finais – Rede Privada (Em %): -
178	3517802	Guaraçaí	-	Taxa de Abandono do Ensino Fundamental – Anos Finais – Rede Privada (Em %): -
179	3517901	Guaraci	-	Taxa de Abandono do Ensino Fundamental – Anos Finais – Rede Privada (Em %): -
180	3518008	Guarani d'Oeste	-	Taxa de Abandono do Ensino Fundamental – Anos Finais – Rede Privada (Em %): -
181	3518107	Guarantã	-	Taxa de Abandono do Ensino Fundamental – Anos Finais – Rede Privada (Em %): -
182	3518206	Guararapes	-	Taxa de Abandono do Ensino Fundamental – Anos Finais – Rede Privada (Em %): -
183	3518305	Guararema	-	Taxa de Abandono do Ensino Fundamental – Anos Finais – Rede Privada (Em %): -
184	3518404	Guaratinguetá	0.1	Taxa de Abandono do Ensino Fundamental – Anos Finais – Rede Privada (Em %): 0,1
185	3518503	Guareí	-	Taxa de Abandono do Ensino Fundamental – Anos Finais – Rede Privada (Em %): -
186	3518602	Guariba	-	Taxa de Abandono do Ensino Fundamental – Anos Finais – Rede Privada (Em %): -
187	3518701	Guarujá	-	Taxa de Abandono do Ensino Fundamental – Anos Finais – Rede Privada (Em %): -
188	3518800	Guarulhos	-	Taxa de Abandono do Ensino Fundamental – Anos Finais – Rede Privada (Em %): -
189	3518909	Guzolândia	-	Taxa de Abandono do Ensino Fundamental – Anos Finais – Rede Privada (Em %): -
190	3519006	Herculândia	-	Taxa de Abandono do Ensino Fundamental – Anos Finais – Rede Privada (Em %): -
191	3519105	Iacanga	-	Taxa de Abandono do Ensino Fundamental – Anos Finais – Rede Privada (Em %): -
192	3519204	Iacri	-	Taxa de Abandono do Ensino Fundamental – Anos Finais – Rede Privada (Em %): -
193	3519303	Ibaté	-	Taxa de Abandono do Ensino Fundamental – Anos Finais – Rede Privada (Em %): -
194	3519402	Ibirá	-	Taxa de Abandono do Ensino Fundamental – Anos Finais – Rede Privada (Em %): -
195	3519501	Ibirarema	-	Taxa de Abandono do Ensino Fundamental – Anos Finais – Rede Privada (Em %): -
196	3519600	Ibitinga	-	Taxa de Abandono do Ensino Fundamental – Anos Finais – Rede Privada (Em %): -
197	3519709	Ibiúna	0.3	Taxa de Abandono do Ensino Fundamental – Anos Finais – Rede Privada (Em %): 0,3
198	3519808	Icém	-	Taxa de Abandono do Ensino Fundamental – Anos Finais – Rede Privada (Em %): -
199	3519907	Iepê	-	Taxa de Abandono do Ensino Fundamental – Anos Finais – Rede Privada (Em %): -
200	3520004	Igaraçu do Tietê	1.6	Taxa de Abandono do Ensino Fundamental – Anos Finais – Rede Privada (Em %): 1,6
201	3520103	Igarapava	-	Taxa de Abandono do Ensino Fundamental – Anos Finais – Rede Privada (Em %): -
202	3520202	Igaratá	-	Taxa de Abandono do Ensino Fundamental – Anos Finais – Rede Privada (Em %): -
203	3520301	Iguape	-	Taxa de Abandono do Ensino Fundamental – Anos Finais – Rede Privada (Em %): -
204	3520400	Ilhabela	-	Taxa de Abandono do Ensino Fundamental – Anos Finais – Rede Privada (Em %): -
205	3520509	Indaiatuba	-	Taxa de Abandono do Ensino Fundamental – Anos Finais – Rede Privada (Em %): -
206	3520608	Indiana	-	Taxa de Abandono do Ensino Fundamental – Anos Finais – Rede Privada (Em %): -
207	3520707	Indiaporã	-	Taxa de Abandono do Ensino Fundamental – Anos Finais – Rede Privada (Em %): -
208	3520806	Inúbia Paulista	-	Taxa de Abandono do Ensino Fundamental – Anos Finais – Rede Privada (Em %): -
209	3520905	Ipaussu	-	Taxa de Abandono do Ensino Fundamental – Anos Finais – Rede Privada (Em %): -
210	3521002	Iperó	-	Taxa de Abandono do Ensino Fundamental – Anos Finais – Rede Privada (Em %): -
211	3521101	Ipeúna	-	Taxa de Abandono do Ensino Fundamental – Anos Finais – Rede Privada (Em %): -
212	3521200	Iporanga	-	Taxa de Abandono do Ensino Fundamental – Anos Finais – Rede Privada (Em %): -
213	3521309	Ipuã	-	Taxa de Abandono do Ensino Fundamental – Anos Finais – Rede Privada (Em %): -
214	3521408	Iracemápolis	-	Taxa de Abandono do Ensino Fundamental – Anos Finais – Rede Privada (Em %): -
215	3521507	Irapuã	-	Taxa de Abandono do Ensino Fundamental – Anos Finais – Rede Privada (Em %): -
216	3521606	Irapuru	-	Taxa de Abandono do Ensino Fundamental – Anos Finais – Rede Privada (Em %): -
217	3521705	Itaberá	-	Taxa de Abandono do Ensino Fundamental – Anos Finais – Rede Privada (Em %): -
218	3521804	Itaí	-	Taxa de Abandono do Ensino Fundamental – Anos Finais – Rede Privada (Em %): -
219	3521903	Itajobi	-	Taxa de Abandono do Ensino Fundamental – Anos Finais – Rede Privada (Em %): -
220	3522000	Itaju	-	Taxa de Abandono do Ensino Fundamental – Anos Finais – Rede Privada (Em %): -
221	3522109	Itanhaém	-	Taxa de Abandono do Ensino Fundamental – Anos Finais – Rede Privada (Em %): -
222	3522208	Itapecerica da Serra	-	Taxa de Abandono do Ensino Fundamental – Anos Finais – Rede Privada (Em %): -
223	3522307	Itapetininga	0.1	Taxa de Abandono do Ensino Fundamental – Anos Finais – Rede Privada (Em %): 0,1
224	3522406	Itapeva	-	Taxa de Abandono do Ensino Fundamental – Anos Finais – Rede Privada (Em %): -
225	3522505	Itapevi	0.2	Taxa de Abandono do Ensino Fundamental – Anos Finais – Rede Privada (Em %): 0,2
226	3522604	Itapira	-	Taxa de Abandono do Ensino Fundamental – Anos Finais – Rede Privada (Em %): -
227	3522703	Itápolis	-	Taxa de Abandono do Ensino Fundamental – Anos Finais – Rede Privada (Em %): -
228	3522802	Itaporanga	-	Taxa de Abandono do Ensino Fundamental – Anos Finais – Rede Privada (Em %): -
229	3522901	Itapuí	-	Taxa de Abandono do Ensino Fundamental – Anos Finais – Rede Privada (Em %): -
230	3523008	Itapura	-	Taxa de Abandono do Ensino Fundamental – Anos Finais – Rede Privada (Em %): -
231	3523107	Itaquaquecetuba	0.5	Taxa de Abandono do Ensino Fundamental – Anos Finais – Rede Privada (Em %): 0,5
232	3523206	Itararé	-	Taxa de Abandono do Ensino Fundamental – Anos Finais – Rede Privada (Em %): -
233	3523305	Itariri	-	Taxa de Abandono do Ensino Fundamental – Anos Finais – Rede Privada (Em %): -
234	3523404	Itatiba	-	Taxa de Abandono do Ensino Fundamental – Anos Finais – Rede Privada (Em %): -
235	3523503	Itatinga	-	Taxa de Abandono do Ensino Fundamental – Anos Finais – Rede Privada (Em %): -
236	3523602	Itirapina	-	Taxa de Abandono do Ensino Fundamental – Anos Finais – Rede Privada (Em %): -
237	3523701	Itirapuã	-	Taxa de Abandono do Ensino Fundamental – Anos Finais – Rede Privada (Em %): -
238	3523800	Itobi	-	Taxa de Abandono do Ensino Fundamental – Anos Finais – Rede Privada (Em %): -
239	3523909	Itu	0.1	Taxa de Abandono do Ensino Fundamental – Anos Finais – Rede Privada (Em %): 0,1
240	3524006	Itupeva	-	Taxa de Abandono do Ensino Fundamental – Anos Finais – Rede Privada (Em %): -
241	3524105	Ituverava	-	Taxa de Abandono do Ensino Fundamental – Anos Finais – Rede Privada (Em %): -
242	3524204	Jaborandi	-	Taxa de Abandono do Ensino Fundamental – Anos Finais – Rede Privada (Em %): -
243	3524303	Jaboticabal	-	Taxa de Abandono do Ensino Fundamental – Anos Finais – Rede Privada (Em %): -
244	3524402	Jacareí	-	Taxa de Abandono do Ensino Fundamental – Anos Finais – Rede Privada (Em %): -
245	3524501	Jaci	-	Taxa de Abandono do Ensino Fundamental – Anos Finais – Rede Privada (Em %): -
246	3524600	Jacupiranga	-	Taxa de Abandono do Ensino Fundamental – Anos Finais – Rede Privada (Em %): -
247	3524709	Jaguariúna	-	Taxa de Abandono do Ensino Fundamental – Anos Finais – Rede Privada (Em %): -
248	3524808	Jales	-	Taxa de Abandono do Ensino Fundamental – Anos Finais – Rede Privada (Em %): -
249	3524907	Jambeiro	-	Taxa de Abandono do Ensino Fundamental – Anos Finais – Rede Privada (Em %): -
250	3525003	Jandira	-	Taxa de Abandono do Ensino Fundamental – Anos Finais – Rede Privada (Em %): -
251	3525102	Jardinópolis	-	Taxa de Abandono do Ensino Fundamental – Anos Finais – Rede Privada (Em %): -
252	3525201	Jarinu	-	Taxa de Abandono do Ensino Fundamental – Anos Finais – Rede Privada (Em %): -
253	3525300	Jaú	-	Taxa de Abandono do Ensino Fundamental – Anos Finais – Rede Privada (Em %): -
254	3525409	Jeriquara	-	Taxa de Abandono do Ensino Fundamental – Anos Finais – Rede Privada (Em %): -
255	3525508	Joanópolis	-	Taxa de Abandono do Ensino Fundamental – Anos Finais – Rede Privada (Em %): -
256	3525607	João Ramalho	-	Taxa de Abandono do Ensino Fundamental – Anos Finais – Rede Privada (Em %): -
257	3525706	José Bonifácio	0.3	Taxa de Abandono do Ensino Fundamental – Anos Finais – Rede Privada (Em %): 0,3
258	3525805	Júlio Mesquita	-	Taxa de Abandono do Ensino Fundamental – Anos Finais – Rede Privada (Em %): -
259	3525904	Jundiaí	-	Taxa de Abandono do Ensino Fundamental – Anos Finais – Rede Privada (Em %): -
260	3526001	Junqueirópolis	-	Taxa de Abandono do Ensino Fundamental – Anos Finais – Rede Privada (Em %): -
261	3526100	Juquiá	-	Taxa de Abandono do Ensino Fundamental – Anos Finais – Rede Privada (Em %): -
262	3526209	Juquitiba	-	Taxa de Abandono do Ensino Fundamental – Anos Finais – Rede Privada (Em %): -
263	3526308	Lagoinha	-	Taxa de Abandono do Ensino Fundamental – Anos Finais – Rede Privada (Em %): -
264	3526407	Laranjal Paulista	-	Taxa de Abandono do Ensino Fundamental – Anos Finais – Rede Privada (Em %): -
265	3526506	Lavínia	-	Taxa de Abandono do Ensino Fundamental – Anos Finais – Rede Privada (Em %): -
266	3526605	Lavrinhas	-	Taxa de Abandono do Ensino Fundamental – Anos Finais – Rede Privada (Em %): -
267	3526704	Leme	-	Taxa de Abandono do Ensino Fundamental – Anos Finais – Rede Privada (Em %): -
268	3526803	Lençóis Paulista	-	Taxa de Abandono do Ensino Fundamental – Anos Finais – Rede Privada (Em %): -
269	3526902	Limeira	-	Taxa de Abandono do Ensino Fundamental – Anos Finais – Rede Privada (Em %): -
270	3527009	Lindóia	-	Taxa de Abandono do Ensino Fundamental – Anos Finais – Rede Privada (Em %): -
271	3527108	Lins	0.1	Taxa de Abandono do Ensino Fundamental – Anos Finais – Rede Privada (Em %): 0,1
272	3527207	Lorena	-	Taxa de Abandono do Ensino Fundamental – Anos Finais – Rede Privada (Em %): -
273	3527306	Louveira	-	Taxa de Abandono do Ensino Fundamental – Anos Finais – Rede Privada (Em %): -
274	3527405	Lucélia	-	Taxa de Abandono do Ensino Fundamental – Anos Finais – Rede Privada (Em %): -
275	3527504	Lucianópolis	-	Taxa de Abandono do Ensino Fundamental – Anos Finais – Rede Privada (Em %): -
276	3527603	Luís Antônio	-	Taxa de Abandono do Ensino Fundamental – Anos Finais – Rede Privada (Em %): -
277	3527702	Luiziânia	-	Taxa de Abandono do Ensino Fundamental – Anos Finais – Rede Privada (Em %): -
278	3527801	Lupércio	-	Taxa de Abandono do Ensino Fundamental – Anos Finais – Rede Privada (Em %): -
279	3527900	Lutécia	-	Taxa de Abandono do Ensino Fundamental – Anos Finais – Rede Privada (Em %): -
280	3528007	Macatuba	-	Taxa de Abandono do Ensino Fundamental – Anos Finais – Rede Privada (Em %): -
281	3528106	Macaubal	-	Taxa de Abandono do Ensino Fundamental – Anos Finais – Rede Privada (Em %): -
282	3528205	Macedônia	-	Taxa de Abandono do Ensino Fundamental – Anos Finais – Rede Privada (Em %): -
283	3528304	Magda	-	Taxa de Abandono do Ensino Fundamental – Anos Finais – Rede Privada (Em %): -
284	3528403	Mairinque	-	Taxa de Abandono do Ensino Fundamental – Anos Finais – Rede Privada (Em %): -
285	3528502	Mairiporã	-	Taxa de Abandono do Ensino Fundamental – Anos Finais – Rede Privada (Em %): -
286	3528601	Manduri	-	Taxa de Abandono do Ensino Fundamental – Anos Finais – Rede Privada (Em %): -
287	3528700	Marabá Paulista	-	Taxa de Abandono do Ensino Fundamental – Anos Finais – Rede Privada (Em %): -
288	3528809	Maracaí	-	Taxa de Abandono do Ensino Fundamental – Anos Finais – Rede Privada (Em %): -
289	3528908	Mariápolis	-	Taxa de Abandono do Ensino Fundamental – Anos Finais – Rede Privada (Em %): -
290	3529005	Marília	-	Taxa de Abandono do Ensino Fundamental – Anos Finais – Rede Privada (Em %): -
291	3529104	Marinópolis	-	Taxa de Abandono do Ensino Fundamental – Anos Finais – Rede Privada (Em %): -
292	3529203	Martinópolis	-	Taxa de Abandono do Ensino Fundamental – Anos Finais – Rede Privada (Em %): -
293	3529302	Matão	-	Taxa de Abandono do Ensino Fundamental – Anos Finais – Rede Privada (Em %): -
294	3529401	Mauá	-	Taxa de Abandono do Ensino Fundamental – Anos Finais – Rede Privada (Em %): -
295	3529500	Mendonça	-	Taxa de Abandono do Ensino Fundamental – Anos Finais – Rede Privada (Em %): -
296	3529609	Meridiano	-	Taxa de Abandono do Ensino Fundamental – Anos Finais – Rede Privada (Em %): -
297	3529708	Miguelópolis	-	Taxa de Abandono do Ensino Fundamental – Anos Finais – Rede Privada (Em %): -
298	3529807	Mineiros do Tietê	-	Taxa de Abandono do Ensino Fundamental – Anos Finais – Rede Privada (Em %): -
299	3529906	Miracatu	-	Taxa de Abandono do Ensino Fundamental – Anos Finais – Rede Privada (Em %): -
300	3530003	Mira Estrela	-	Taxa de Abandono do Ensino Fundamental – Anos Finais – Rede Privada (Em %): -
301	3530102	Mirandópolis	-	Taxa de Abandono do Ensino Fundamental – Anos Finais – Rede Privada (Em %): -
302	3530201	Mirante do Paranapanema	-	Taxa de Abandono do Ensino Fundamental – Anos Finais – Rede Privada (Em %): -
303	3530300	Mirassol	-	Taxa de Abandono do Ensino Fundamental – Anos Finais – Rede Privada (Em %): -
304	3530409	Mirassolândia	-	Taxa de Abandono do Ensino Fundamental – Anos Finais – Rede Privada (Em %): -
305	3530508	Mococa	-	Taxa de Abandono do Ensino Fundamental – Anos Finais – Rede Privada (Em %): -
306	3530607	Mogi das Cruzes	-	Taxa de Abandono do Ensino Fundamental – Anos Finais – Rede Privada (Em %): -
307	3530706	Mogi Guaçu	-	Taxa de Abandono do Ensino Fundamental – Anos Finais – Rede Privada (Em %): -
308	3530805	Moji Mirim	-	Taxa de Abandono do Ensino Fundamental – Anos Finais – Rede Privada (Em %): -
309	3530904	Mombuca	-	Taxa de Abandono do Ensino Fundamental – Anos Finais – Rede Privada (Em %): -
310	3531001	Monções	-	Taxa de Abandono do Ensino Fundamental – Anos Finais – Rede Privada (Em %): -
311	3531100	Mongaguá	0.4	Taxa de Abandono do Ensino Fundamental – Anos Finais – Rede Privada (Em %): 0,4
312	3531209	Monte Alegre do Sul	-	Taxa de Abandono do Ensino Fundamental – Anos Finais – Rede Privada (Em %): -
313	3531308	Monte Alto	-	Taxa de Abandono do Ensino Fundamental – Anos Finais – Rede Privada (Em %): -
314	3531407	Monte Aprazível	-	Taxa de Abandono do Ensino Fundamental – Anos Finais – Rede Privada (Em %): -
315	3531506	Monte Azul Paulista	-	Taxa de Abandono do Ensino Fundamental – Anos Finais – Rede Privada (Em %): -
316	3531605	Monte Castelo	-	Taxa de Abandono do Ensino Fundamental – Anos Finais – Rede Privada (Em %): -
317	3531704	Monteiro Lobato	1.6	Taxa de Abandono do Ensino Fundamental – Anos Finais – Rede Privada (Em %): 1,6
318	3531803	Monte Mor	-	Taxa de Abandono do Ensino Fundamental – Anos Finais – Rede Privada (Em %): -
319	3531902	Morro Agudo	-	Taxa de Abandono do Ensino Fundamental – Anos Finais – Rede Privada (Em %): -
320	3532009	Morungaba	-	Taxa de Abandono do Ensino Fundamental – Anos Finais – Rede Privada (Em %): -
321	3532108	Murutinga do Sul	-	Taxa de Abandono do Ensino Fundamental – Anos Finais – Rede Privada (Em %): -
322	3532207	Narandiba	-	Taxa de Abandono do Ensino Fundamental – Anos Finais – Rede Privada (Em %): -
323	3532306	Natividade da Serra	-	Taxa de Abandono do Ensino Fundamental – Anos Finais – Rede Privada (Em %): -
324	3532405	Nazaré Paulista	-	Taxa de Abandono do Ensino Fundamental – Anos Finais – Rede Privada (Em %): -
325	3532504	Neves Paulista	-	Taxa de Abandono do Ensino Fundamental – Anos Finais – Rede Privada (Em %): -
326	3532603	Nhandeara	-	Taxa de Abandono do Ensino Fundamental – Anos Finais – Rede Privada (Em %): -
327	3532702	Nipoã	-	Taxa de Abandono do Ensino Fundamental – Anos Finais – Rede Privada (Em %): -
328	3532801	Nova Aliança	-	Taxa de Abandono do Ensino Fundamental – Anos Finais – Rede Privada (Em %): -
329	3532900	Nova Europa	-	Taxa de Abandono do Ensino Fundamental – Anos Finais – Rede Privada (Em %): -
330	3533007	Nova Granada	-	Taxa de Abandono do Ensino Fundamental – Anos Finais – Rede Privada (Em %): -
331	3533106	Nova Guataporanga	-	Taxa de Abandono do Ensino Fundamental – Anos Finais – Rede Privada (Em %): -
332	3533205	Nova Independência	-	Taxa de Abandono do Ensino Fundamental – Anos Finais – Rede Privada (Em %): -
333	3533304	Nova Luzitânia	-	Taxa de Abandono do Ensino Fundamental – Anos Finais – Rede Privada (Em %): -
334	3533403	Nova Odessa	-	Taxa de Abandono do Ensino Fundamental – Anos Finais – Rede Privada (Em %): -
335	3533502	Novo Horizonte	0.3	Taxa de Abandono do Ensino Fundamental – Anos Finais – Rede Privada (Em %): 0,3
336	3533601	Nuporanga	-	Taxa de Abandono do Ensino Fundamental – Anos Finais – Rede Privada (Em %): -
337	3533700	Ocauçu	-	Taxa de Abandono do Ensino Fundamental – Anos Finais – Rede Privada (Em %): -
338	3533809	Óleo	-	Taxa de Abandono do Ensino Fundamental – Anos Finais – Rede Privada (Em %): -
339	3533908	Olímpia	-	Taxa de Abandono do Ensino Fundamental – Anos Finais – Rede Privada (Em %): -
340	3534005	Onda Verde	-	Taxa de Abandono do Ensino Fundamental – Anos Finais – Rede Privada (Em %): -
341	3534104	Oriente	-	Taxa de Abandono do Ensino Fundamental – Anos Finais – Rede Privada (Em %): -
342	3534203	Orindiúva	-	Taxa de Abandono do Ensino Fundamental – Anos Finais – Rede Privada (Em %): -
343	3534302	Orlândia	-	Taxa de Abandono do Ensino Fundamental – Anos Finais – Rede Privada (Em %): -
344	3534401	Osasco	-	Taxa de Abandono do Ensino Fundamental – Anos Finais – Rede Privada (Em %): -
345	3534500	Oscar Bressane	-	Taxa de Abandono do Ensino Fundamental – Anos Finais – Rede Privada (Em %): -
346	3534609	Osvaldo Cruz	-	Taxa de Abandono do Ensino Fundamental – Anos Finais – Rede Privada (Em %): -
347	3534708	Ourinhos	-	Taxa de Abandono do Ensino Fundamental – Anos Finais – Rede Privada (Em %): -
348	3534807	Ouro Verde	-	Taxa de Abandono do Ensino Fundamental – Anos Finais – Rede Privada (Em %): -
349	3534906	Pacaembu	-	Taxa de Abandono do Ensino Fundamental – Anos Finais – Rede Privada (Em %): -
350	3535002	Palestina	-	Taxa de Abandono do Ensino Fundamental – Anos Finais – Rede Privada (Em %): -
351	3535101	Palmares Paulista	-	Taxa de Abandono do Ensino Fundamental – Anos Finais – Rede Privada (Em %): -
352	3535200	Palmeira d'Oeste	-	Taxa de Abandono do Ensino Fundamental – Anos Finais – Rede Privada (Em %): -
353	3535309	Palmital	-	Taxa de Abandono do Ensino Fundamental – Anos Finais – Rede Privada (Em %): -
354	3535408	Panorama	-	Taxa de Abandono do Ensino Fundamental – Anos Finais – Rede Privada (Em %): -
355	3535507	Paraguaçu Paulista	0.4	Taxa de Abandono do Ensino Fundamental – Anos Finais – Rede Privada (Em %): 0,4
356	3535606	Paraibuna	-	Taxa de Abandono do Ensino Fundamental – Anos Finais – Rede Privada (Em %): -
357	3535705	Paraíso	-	Taxa de Abandono do Ensino Fundamental – Anos Finais – Rede Privada (Em %): -
358	3535804	Paranapanema	-	Taxa de Abandono do Ensino Fundamental – Anos Finais – Rede Privada (Em %): -
359	3535903	Paranapuã	-	Taxa de Abandono do Ensino Fundamental – Anos Finais – Rede Privada (Em %): -
360	3536000	Parapuã	-	Taxa de Abandono do Ensino Fundamental – Anos Finais – Rede Privada (Em %): -
361	3536109	Pardinho	-	Taxa de Abandono do Ensino Fundamental – Anos Finais – Rede Privada (Em %): -
362	3536208	Pariquera-Açu	-	Taxa de Abandono do Ensino Fundamental – Anos Finais – Rede Privada (Em %): -
363	3536307	Patrocínio Paulista	-	Taxa de Abandono do Ensino Fundamental – Anos Finais – Rede Privada (Em %): -
364	3536406	Paulicéia	-	Taxa de Abandono do Ensino Fundamental – Anos Finais – Rede Privada (Em %): -
365	3536505	Paulínia	-	Taxa de Abandono do Ensino Fundamental – Anos Finais – Rede Privada (Em %): -
366	3536604	Paulo de Faria	-	Taxa de Abandono do Ensino Fundamental – Anos Finais – Rede Privada (Em %): -
367	3536703	Pederneiras	-	Taxa de Abandono do Ensino Fundamental – Anos Finais – Rede Privada (Em %): -
368	3536802	Pedra Bela	-	Taxa de Abandono do Ensino Fundamental – Anos Finais – Rede Privada (Em %): -
369	3536901	Pedranópolis	-	Taxa de Abandono do Ensino Fundamental – Anos Finais – Rede Privada (Em %): -
370	3537008	Pedregulho	-	Taxa de Abandono do Ensino Fundamental – Anos Finais – Rede Privada (Em %): -
371	3537107	Pedreira	-	Taxa de Abandono do Ensino Fundamental – Anos Finais – Rede Privada (Em %): -
372	3537206	Pedro de Toledo	-	Taxa de Abandono do Ensino Fundamental – Anos Finais – Rede Privada (Em %): -
373	3537305	Penápolis	0.1	Taxa de Abandono do Ensino Fundamental – Anos Finais – Rede Privada (Em %): 0,1
374	3537404	Pereira Barreto	-	Taxa de Abandono do Ensino Fundamental – Anos Finais – Rede Privada (Em %): -
375	3537503	Pereiras	-	Taxa de Abandono do Ensino Fundamental – Anos Finais – Rede Privada (Em %): -
376	3537602	Peruíbe	-	Taxa de Abandono do Ensino Fundamental – Anos Finais – Rede Privada (Em %): -
377	3537701	Piacatu	-	Taxa de Abandono do Ensino Fundamental – Anos Finais – Rede Privada (Em %): -
378	3537800	Piedade	-	Taxa de Abandono do Ensino Fundamental – Anos Finais – Rede Privada (Em %): -
379	3537909	Pilar do Sul	-	Taxa de Abandono do Ensino Fundamental – Anos Finais – Rede Privada (Em %): -
380	3538006	Pindamonhangaba	-	Taxa de Abandono do Ensino Fundamental – Anos Finais – Rede Privada (Em %): -
381	3538105	Pindorama	-	Taxa de Abandono do Ensino Fundamental – Anos Finais – Rede Privada (Em %): -
382	3515186	Espírito Santo do Pinhal	-	Taxa de Abandono do Ensino Fundamental – Anos Finais – Rede Privada (Em %): -
383	3538204	Pinhalzinho	-	Taxa de Abandono do Ensino Fundamental – Anos Finais – Rede Privada (Em %): -
384	3538303	Piquerobi	-	Taxa de Abandono do Ensino Fundamental – Anos Finais – Rede Privada (Em %): -
385	3538501	Piquete	-	Taxa de Abandono do Ensino Fundamental – Anos Finais – Rede Privada (Em %): -
386	3538600	Piracaia	-	Taxa de Abandono do Ensino Fundamental – Anos Finais – Rede Privada (Em %): -
387	3538709	Piracicaba	-	Taxa de Abandono do Ensino Fundamental – Anos Finais – Rede Privada (Em %): -
388	3538808	Piraju	-	Taxa de Abandono do Ensino Fundamental – Anos Finais – Rede Privada (Em %): -
389	3538907	Pirajuí	-	Taxa de Abandono do Ensino Fundamental – Anos Finais – Rede Privada (Em %): -
390	3539004	Pirangi	-	Taxa de Abandono do Ensino Fundamental – Anos Finais – Rede Privada (Em %): -
391	3539103	Pirapora do Bom Jesus	-	Taxa de Abandono do Ensino Fundamental – Anos Finais – Rede Privada (Em %): -
392	3539202	Pirapozinho	-	Taxa de Abandono do Ensino Fundamental – Anos Finais – Rede Privada (Em %): -
393	3539301	Pirassununga	-	Taxa de Abandono do Ensino Fundamental – Anos Finais – Rede Privada (Em %): -
394	3539400	Piratininga	-	Taxa de Abandono do Ensino Fundamental – Anos Finais – Rede Privada (Em %): -
395	3539509	Pitangueiras	-	Taxa de Abandono do Ensino Fundamental – Anos Finais – Rede Privada (Em %): -
396	3539608	Planalto	-	Taxa de Abandono do Ensino Fundamental – Anos Finais – Rede Privada (Em %): -
397	3539707	Platina	-	Taxa de Abandono do Ensino Fundamental – Anos Finais – Rede Privada (Em %): -
398	3539806	Poá	-	Taxa de Abandono do Ensino Fundamental – Anos Finais – Rede Privada (Em %): -
399	3539905	Poloni	-	Taxa de Abandono do Ensino Fundamental – Anos Finais – Rede Privada (Em %): -
400	3540002	Pompéia	-	Taxa de Abandono do Ensino Fundamental – Anos Finais – Rede Privada (Em %): -
401	3540101	Pongaí	-	Taxa de Abandono do Ensino Fundamental – Anos Finais – Rede Privada (Em %): -
402	3540200	Pontal	-	Taxa de Abandono do Ensino Fundamental – Anos Finais – Rede Privada (Em %): -
403	3540309	Pontes Gestal	-	Taxa de Abandono do Ensino Fundamental – Anos Finais – Rede Privada (Em %): -
404	3540408	Populina	-	Taxa de Abandono do Ensino Fundamental – Anos Finais – Rede Privada (Em %): -
405	3540507	Porangaba	-	Taxa de Abandono do Ensino Fundamental – Anos Finais – Rede Privada (Em %): -
406	3540606	Porto Feliz	-	Taxa de Abandono do Ensino Fundamental – Anos Finais – Rede Privada (Em %): -
407	3540705	Porto Ferreira	-	Taxa de Abandono do Ensino Fundamental – Anos Finais – Rede Privada (Em %): -
408	3540804	Potirendaba	-	Taxa de Abandono do Ensino Fundamental – Anos Finais – Rede Privada (Em %): -
409	3540903	Pradópolis	-	Taxa de Abandono do Ensino Fundamental – Anos Finais – Rede Privada (Em %): -
410	3541000	Praia Grande	-	Taxa de Abandono do Ensino Fundamental – Anos Finais – Rede Privada (Em %): -
411	3541109	Presidente Alves	-	Taxa de Abandono do Ensino Fundamental – Anos Finais – Rede Privada (Em %): -
412	3541208	Presidente Bernardes	-	Taxa de Abandono do Ensino Fundamental – Anos Finais – Rede Privada (Em %): -
413	3541307	Presidente Epitácio	-	Taxa de Abandono do Ensino Fundamental – Anos Finais – Rede Privada (Em %): -
414	3541406	Presidente Prudente	-	Taxa de Abandono do Ensino Fundamental – Anos Finais – Rede Privada (Em %): -
415	3541505	Presidente Venceslau	-	Taxa de Abandono do Ensino Fundamental – Anos Finais – Rede Privada (Em %): -
416	3541604	Promissão	-	Taxa de Abandono do Ensino Fundamental – Anos Finais – Rede Privada (Em %): -
417	3541703	Quatá	-	Taxa de Abandono do Ensino Fundamental – Anos Finais – Rede Privada (Em %): -
418	3541802	Queiroz	-	Taxa de Abandono do Ensino Fundamental – Anos Finais – Rede Privada (Em %): -
419	3541901	Queluz	-	Taxa de Abandono do Ensino Fundamental – Anos Finais – Rede Privada (Em %): -
420	3542008	Quintana	-	Taxa de Abandono do Ensino Fundamental – Anos Finais – Rede Privada (Em %): -
421	3542107	Rafard	-	Taxa de Abandono do Ensino Fundamental – Anos Finais – Rede Privada (Em %): -
422	3542206	Rancharia	-	Taxa de Abandono do Ensino Fundamental – Anos Finais – Rede Privada (Em %): -
423	3542305	Redenção da Serra	-	Taxa de Abandono do Ensino Fundamental – Anos Finais – Rede Privada (Em %): -
424	3542404	Regente Feijó	-	Taxa de Abandono do Ensino Fundamental – Anos Finais – Rede Privada (Em %): -
425	3542503	Reginópolis	-	Taxa de Abandono do Ensino Fundamental – Anos Finais – Rede Privada (Em %): -
426	3542602	Registro	-	Taxa de Abandono do Ensino Fundamental – Anos Finais – Rede Privada (Em %): -
427	3542701	Restinga	-	Taxa de Abandono do Ensino Fundamental – Anos Finais – Rede Privada (Em %): -
428	3542800	Ribeira	-	Taxa de Abandono do Ensino Fundamental – Anos Finais – Rede Privada (Em %): -
429	3542909	Ribeirão Bonito	-	Taxa de Abandono do Ensino Fundamental – Anos Finais – Rede Privada (Em %): -
430	3543006	Ribeirão Branco	-	Taxa de Abandono do Ensino Fundamental – Anos Finais – Rede Privada (Em %): -
431	3543105	Ribeirão Corrente	-	Taxa de Abandono do Ensino Fundamental – Anos Finais – Rede Privada (Em %): -
432	3543204	Ribeirão do Sul	-	Taxa de Abandono do Ensino Fundamental – Anos Finais – Rede Privada (Em %): -
433	3543303	Ribeirão Pires	-	Taxa de Abandono do Ensino Fundamental – Anos Finais – Rede Privada (Em %): -
434	3543402	Ribeirão Preto	-	Taxa de Abandono do Ensino Fundamental – Anos Finais – Rede Privada (Em %): -
435	3543501	Riversul	-	Taxa de Abandono do Ensino Fundamental – Anos Finais – Rede Privada (Em %): -
436	3543600	Rifaina	-	Taxa de Abandono do Ensino Fundamental – Anos Finais – Rede Privada (Em %): -
437	3543709	Rincão	-	Taxa de Abandono do Ensino Fundamental – Anos Finais – Rede Privada (Em %): -
438	3543808	Rinópolis	-	Taxa de Abandono do Ensino Fundamental – Anos Finais – Rede Privada (Em %): -
439	3543907	Rio Claro	0.2	Taxa de Abandono do Ensino Fundamental – Anos Finais – Rede Privada (Em %): 0,2
440	3544004	Rio das Pedras	-	Taxa de Abandono do Ensino Fundamental – Anos Finais – Rede Privada (Em %): -
441	3544103	Rio Grande da Serra	-	Taxa de Abandono do Ensino Fundamental – Anos Finais – Rede Privada (Em %): -
442	3544202	Riolândia	-	Taxa de Abandono do Ensino Fundamental – Anos Finais – Rede Privada (Em %): -
443	3544301	Roseira	-	Taxa de Abandono do Ensino Fundamental – Anos Finais – Rede Privada (Em %): -
444	3544400	Rubiácea	-	Taxa de Abandono do Ensino Fundamental – Anos Finais – Rede Privada (Em %): -
445	3544509	Rubinéia	-	Taxa de Abandono do Ensino Fundamental – Anos Finais – Rede Privada (Em %): -
446	3544608	Sabino	-	Taxa de Abandono do Ensino Fundamental – Anos Finais – Rede Privada (Em %): -
447	3544707	Sagres	-	Taxa de Abandono do Ensino Fundamental – Anos Finais – Rede Privada (Em %): -
448	3544806	Sales	-	Taxa de Abandono do Ensino Fundamental – Anos Finais – Rede Privada (Em %): -
449	3544905	Sales Oliveira	-	Taxa de Abandono do Ensino Fundamental – Anos Finais – Rede Privada (Em %): -
450	3545001	Salesópolis	-	Taxa de Abandono do Ensino Fundamental – Anos Finais – Rede Privada (Em %): -
451	3545100	Salmourão	-	Taxa de Abandono do Ensino Fundamental – Anos Finais – Rede Privada (Em %): -
452	3545209	Salto	0.1	Taxa de Abandono do Ensino Fundamental – Anos Finais – Rede Privada (Em %): 0,1
453	3545308	Salto de Pirapora	-	Taxa de Abandono do Ensino Fundamental – Anos Finais – Rede Privada (Em %): -
454	3545407	Salto Grande	-	Taxa de Abandono do Ensino Fundamental – Anos Finais – Rede Privada (Em %): -
455	3545506	Sandovalina	-	Taxa de Abandono do Ensino Fundamental – Anos Finais – Rede Privada (Em %): -
456	3545605	Santa Adélia	-	Taxa de Abandono do Ensino Fundamental – Anos Finais – Rede Privada (Em %): -
457	3545704	Santa Albertina	-	Taxa de Abandono do Ensino Fundamental – Anos Finais – Rede Privada (Em %): -
458	3545803	Santa Bárbara d'Oeste	-	Taxa de Abandono do Ensino Fundamental – Anos Finais – Rede Privada (Em %): -
459	3500550	Águas de Santa Bárbara	-	Taxa de Abandono do Ensino Fundamental – Anos Finais – Rede Privada (Em %): -
460	3546009	Santa Branca	-	Taxa de Abandono do Ensino Fundamental – Anos Finais – Rede Privada (Em %): -
461	3546108	Santa Clara d'Oeste	-	Taxa de Abandono do Ensino Fundamental – Anos Finais – Rede Privada (Em %): -
462	3546207	Santa Cruz da Conceição	-	Taxa de Abandono do Ensino Fundamental – Anos Finais – Rede Privada (Em %): -
463	3546306	Santa Cruz das Palmeiras	-	Taxa de Abandono do Ensino Fundamental – Anos Finais – Rede Privada (Em %): -
464	3546405	Santa Cruz do Rio Pardo	0.2	Taxa de Abandono do Ensino Fundamental – Anos Finais – Rede Privada (Em %): 0,2
465	3546504	Santa Ernestina	-	Taxa de Abandono do Ensino Fundamental – Anos Finais – Rede Privada (Em %): -
466	3546603	Santa Fé do Sul	-	Taxa de Abandono do Ensino Fundamental – Anos Finais – Rede Privada (Em %): -
467	3546702	Santa Gertrudes	-	Taxa de Abandono do Ensino Fundamental – Anos Finais – Rede Privada (Em %): -
468	3546801	Santa Isabel	-	Taxa de Abandono do Ensino Fundamental – Anos Finais – Rede Privada (Em %): -
469	3546900	Santa Lucia	-	Taxa de Abandono do Ensino Fundamental – Anos Finais – Rede Privada (Em %): -
470	3547007	Santa Maria da Serra	-	Taxa de Abandono do Ensino Fundamental – Anos Finais – Rede Privada (Em %): -
471	3547106	Santa Mercedes	-	Taxa de Abandono do Ensino Fundamental – Anos Finais – Rede Privada (Em %): -
472	3547403	Santa Rita d'Oeste	-	Taxa de Abandono do Ensino Fundamental – Anos Finais – Rede Privada (Em %): -
473	3547502	Santa Rita do Passa Quatro	-	Taxa de Abandono do Ensino Fundamental – Anos Finais – Rede Privada (Em %): -
474	3547601	Santa Rosa do Viterbo	-	Taxa de Abandono do Ensino Fundamental – Anos Finais – Rede Privada (Em %): -
475	3547205	Santana da Ponte Pensa	-	Taxa de Abandono do Ensino Fundamental – Anos Finais – Rede Privada (Em %): -
476	3547304	Santana de Parnaíba	0.1	Taxa de Abandono do Ensino Fundamental – Anos Finais – Rede Privada (Em %): 0,1
477	3547700	Santo Anastácio	0.3	Taxa de Abandono do Ensino Fundamental – Anos Finais – Rede Privada (Em %): 0,3
478	3547809	Santo André	-	Taxa de Abandono do Ensino Fundamental – Anos Finais – Rede Privada (Em %): -
479	3547908	Santo Antonio da Alegria	-	Taxa de Abandono do Ensino Fundamental – Anos Finais – Rede Privada (Em %): -
480	3548104	Santo Antonio do Jardim	-	Taxa de Abandono do Ensino Fundamental – Anos Finais – Rede Privada (Em %): -
481	3548203	Santo Antonio do Pinhal	-	Taxa de Abandono do Ensino Fundamental – Anos Finais – Rede Privada (Em %): -
482	3548005	Santo Antonio de Posse	-	Taxa de Abandono do Ensino Fundamental – Anos Finais – Rede Privada (Em %): -
483	3548302	Santo Expedito	-	Taxa de Abandono do Ensino Fundamental – Anos Finais – Rede Privada (Em %): -
484	3548401	Santópolis do Aguapeí	-	Taxa de Abandono do Ensino Fundamental – Anos Finais – Rede Privada (Em %): -
485	3548500	Santos	-	Taxa de Abandono do Ensino Fundamental – Anos Finais – Rede Privada (Em %): -
486	3548609	São Bento do Sapucaí	-	Taxa de Abandono do Ensino Fundamental – Anos Finais – Rede Privada (Em %): -
487	3548708	São Bernardo do Campo	-	Taxa de Abandono do Ensino Fundamental – Anos Finais – Rede Privada (Em %): -
488	3548807	São Caetano do Sul	0.1	Taxa de Abandono do Ensino Fundamental – Anos Finais – Rede Privada (Em %): 0,1
489	3548906	São Carlos	0.1	Taxa de Abandono do Ensino Fundamental – Anos Finais – Rede Privada (Em %): 0,1
490	3549003	São Francisco	-	Taxa de Abandono do Ensino Fundamental – Anos Finais – Rede Privada (Em %): -
491	3549102	São João da Boa Vista	0.1	Taxa de Abandono do Ensino Fundamental – Anos Finais – Rede Privada (Em %): 0,1
492	3549201	São João das Duas Pontes	-	Taxa de Abandono do Ensino Fundamental – Anos Finais – Rede Privada (Em %): -
493	3549300	São João do Pau d'Alho	-	Taxa de Abandono do Ensino Fundamental – Anos Finais – Rede Privada (Em %): -
494	3549409	São Joaquim da Barra	-	Taxa de Abandono do Ensino Fundamental – Anos Finais – Rede Privada (Em %): -
495	3549607	São José do Barreiro	-	Taxa de Abandono do Ensino Fundamental – Anos Finais – Rede Privada (Em %): -
496	3549508	São José da Bela Vista	-	Taxa de Abandono do Ensino Fundamental – Anos Finais – Rede Privada (Em %): -
497	3549706	São José do Rio Pardo	0.2	Taxa de Abandono do Ensino Fundamental – Anos Finais – Rede Privada (Em %): 0,2
498	3549805	São José do Rio Preto	0.1	Taxa de Abandono do Ensino Fundamental – Anos Finais – Rede Privada (Em %): 0,1
499	3549904	São José dos Campos	-	Taxa de Abandono do Ensino Fundamental – Anos Finais – Rede Privada (Em %): -
500	3550001	São Luís do Paraitinga	-	Taxa de Abandono do Ensino Fundamental – Anos Finais – Rede Privada (Em %): -
501	3550100	São Manuel	-	Taxa de Abandono do Ensino Fundamental – Anos Finais – Rede Privada (Em %): -
502	3550209	São Miguel Arcanjo	-	Taxa de Abandono do Ensino Fundamental – Anos Finais – Rede Privada (Em %): -
503	3550308	São Paulo	-	Taxa de Abandono do Ensino Fundamental – Anos Finais – Rede Privada (Em %): -
504	3550407	São Pedro	-	Taxa de Abandono do Ensino Fundamental – Anos Finais – Rede Privada (Em %): -
505	3550506	São Pedro do Turvo	-	Taxa de Abandono do Ensino Fundamental – Anos Finais – Rede Privada (Em %): -
506	3550605	São Roque	0.1	Taxa de Abandono do Ensino Fundamental – Anos Finais – Rede Privada (Em %): 0,1
507	3550704	São Sebastião	-	Taxa de Abandono do Ensino Fundamental – Anos Finais – Rede Privada (Em %): -
508	3550803	São Sebastião da Grama	-	Taxa de Abandono do Ensino Fundamental – Anos Finais – Rede Privada (Em %): -
509	3550902	São Simão	0.6	Taxa de Abandono do Ensino Fundamental – Anos Finais – Rede Privada (Em %): 0,6
510	3551009	São Vicente	-	Taxa de Abandono do Ensino Fundamental – Anos Finais – Rede Privada (Em %): -
511	3551108	Sarapuí	-	Taxa de Abandono do Ensino Fundamental – Anos Finais – Rede Privada (Em %): -
512	3551207	Sarutaiá	-	Taxa de Abandono do Ensino Fundamental – Anos Finais – Rede Privada (Em %): -
513	3551306	Sebastianópolis do Sul	-	Taxa de Abandono do Ensino Fundamental – Anos Finais – Rede Privada (Em %): -
514	3551405	Serra Azul	-	Taxa de Abandono do Ensino Fundamental – Anos Finais – Rede Privada (Em %): -
515	3551603	Serra Negra	-	Taxa de Abandono do Ensino Fundamental – Anos Finais – Rede Privada (Em %): -
516	3551504	Serrana	-	Taxa de Abandono do Ensino Fundamental – Anos Finais – Rede Privada (Em %): -
517	3551702	Sertãozinho	0.1	Taxa de Abandono do Ensino Fundamental – Anos Finais – Rede Privada (Em %): 0,1
518	3551801	Sete Barras	-	Taxa de Abandono do Ensino Fundamental – Anos Finais – Rede Privada (Em %): -
519	3551900	Severínia	-	Taxa de Abandono do Ensino Fundamental – Anos Finais – Rede Privada (Em %): -
520	3552007	Silveiras	-	Taxa de Abandono do Ensino Fundamental – Anos Finais – Rede Privada (Em %): -
521	3552106	Socorro	-	Taxa de Abandono do Ensino Fundamental – Anos Finais – Rede Privada (Em %): -
522	3552205	Sorocaba	-	Taxa de Abandono do Ensino Fundamental – Anos Finais – Rede Privada (Em %): -
523	3552304	Sud Mennucci	-	Taxa de Abandono do Ensino Fundamental – Anos Finais – Rede Privada (Em %): -
524	3552403	Sumaré	-	Taxa de Abandono do Ensino Fundamental – Anos Finais – Rede Privada (Em %): -
525	3552502	Suzano	-	Taxa de Abandono do Ensino Fundamental – Anos Finais – Rede Privada (Em %): -
526	3552601	Tabapuã	-	Taxa de Abandono do Ensino Fundamental – Anos Finais – Rede Privada (Em %): -
527	3552700	Tabatinga	-	Taxa de Abandono do Ensino Fundamental – Anos Finais – Rede Privada (Em %): -
528	3552809	Taboão da Serra	0.1	Taxa de Abandono do Ensino Fundamental – Anos Finais – Rede Privada (Em %): 0,1
529	3552908	Taciba	-	Taxa de Abandono do Ensino Fundamental – Anos Finais – Rede Privada (Em %): -
530	3553005	Taguaí	-	Taxa de Abandono do Ensino Fundamental – Anos Finais – Rede Privada (Em %): -
531	3553104	Taiaçu	-	Taxa de Abandono do Ensino Fundamental – Anos Finais – Rede Privada (Em %): -
532	3553203	Taiúva	-	Taxa de Abandono do Ensino Fundamental – Anos Finais – Rede Privada (Em %): -
533	3553302	Tambaú	-	Taxa de Abandono do Ensino Fundamental – Anos Finais – Rede Privada (Em %): -
534	3553401	Tanabi	-	Taxa de Abandono do Ensino Fundamental – Anos Finais – Rede Privada (Em %): -
535	3553500	Tapiraí	-	Taxa de Abandono do Ensino Fundamental – Anos Finais – Rede Privada (Em %): -
536	3553609	Tapiratiba	-	Taxa de Abandono do Ensino Fundamental – Anos Finais – Rede Privada (Em %): -
537	3553708	Taquaritinga	0.3	Taxa de Abandono do Ensino Fundamental – Anos Finais – Rede Privada (Em %): 0,3
538	3553807	Taquarituba	-	Taxa de Abandono do Ensino Fundamental – Anos Finais – Rede Privada (Em %): -
539	3553906	Tarabaí	-	Taxa de Abandono do Ensino Fundamental – Anos Finais – Rede Privada (Em %): -
540	3554003	Tatuí	-	Taxa de Abandono do Ensino Fundamental – Anos Finais – Rede Privada (Em %): -
541	3554102	Taubaté	-	Taxa de Abandono do Ensino Fundamental – Anos Finais – Rede Privada (Em %): -
542	3554201	Tejupá	-	Taxa de Abandono do Ensino Fundamental – Anos Finais – Rede Privada (Em %): -
543	3554300	Teodoro Sampaio	-	Taxa de Abandono do Ensino Fundamental – Anos Finais – Rede Privada (Em %): -
544	3554409	Terra Roxa	-	Taxa de Abandono do Ensino Fundamental – Anos Finais – Rede Privada (Em %): -
545	3554508	Tietê	-	Taxa de Abandono do Ensino Fundamental – Anos Finais – Rede Privada (Em %): -
546	3554607	Timburi	-	Taxa de Abandono do Ensino Fundamental – Anos Finais – Rede Privada (Em %): -
547	3554706	Torrinha	-	Taxa de Abandono do Ensino Fundamental – Anos Finais – Rede Privada (Em %): -
548	3554805	Tremembé	-	Taxa de Abandono do Ensino Fundamental – Anos Finais – Rede Privada (Em %): -
549	3554904	Três Fronteiras	-	Taxa de Abandono do Ensino Fundamental – Anos Finais – Rede Privada (Em %): -
550	3555000	Tupã	-	Taxa de Abandono do Ensino Fundamental – Anos Finais – Rede Privada (Em %): -
551	3555109	Tupi Paulista	-	Taxa de Abandono do Ensino Fundamental – Anos Finais – Rede Privada (Em %): -
552	3555208	Turiúba	-	Taxa de Abandono do Ensino Fundamental – Anos Finais – Rede Privada (Em %): -
553	3555307	Turmalina	-	Taxa de Abandono do Ensino Fundamental – Anos Finais – Rede Privada (Em %): -
554	3555406	Ubatuba	-	Taxa de Abandono do Ensino Fundamental – Anos Finais – Rede Privada (Em %): -
555	3555505	Ubirajara	-	Taxa de Abandono do Ensino Fundamental – Anos Finais – Rede Privada (Em %): -
556	3555604	Uchôa	-	Taxa de Abandono do Ensino Fundamental – Anos Finais – Rede Privada (Em %): -
557	3555703	União Paulista	-	Taxa de Abandono do Ensino Fundamental – Anos Finais – Rede Privada (Em %): -
558	3555802	Urânia	-	Taxa de Abandono do Ensino Fundamental – Anos Finais – Rede Privada (Em %): -
559	3555901	Uru	-	Taxa de Abandono do Ensino Fundamental – Anos Finais – Rede Privada (Em %): -
560	3556008	Urupês	-	Taxa de Abandono do Ensino Fundamental – Anos Finais – Rede Privada (Em %): -
561	3556107	Valentim Gentil	-	Taxa de Abandono do Ensino Fundamental – Anos Finais – Rede Privada (Em %): -
562	3556206	Valinhos	-	Taxa de Abandono do Ensino Fundamental – Anos Finais – Rede Privada (Em %): -
563	3556305	Valparaíso	-	Taxa de Abandono do Ensino Fundamental – Anos Finais – Rede Privada (Em %): -
564	3556404	Vargem Grande do Sul	0.4	Taxa de Abandono do Ensino Fundamental – Anos Finais – Rede Privada (Em %): 0,4
565	3556503	Várzea Paulista	-	Taxa de Abandono do Ensino Fundamental – Anos Finais – Rede Privada (Em %): -
566	3556602	Vera Cruz	-	Taxa de Abandono do Ensino Fundamental – Anos Finais – Rede Privada (Em %): -
567	3556701	Vinhedo	-	Taxa de Abandono do Ensino Fundamental – Anos Finais – Rede Privada (Em %): -
568	3556800	Viradouro	-	Taxa de Abandono do Ensino Fundamental – Anos Finais – Rede Privada (Em %): -
569	3556909	Vista Alegre do Alto	-	Taxa de Abandono do Ensino Fundamental – Anos Finais – Rede Privada (Em %): -
570	3557006	Votorantim	-	Taxa de Abandono do Ensino Fundamental – Anos Finais – Rede Privada (Em %): -
571	3557105	Votuporanga	-	Taxa de Abandono do Ensino Fundamental – Anos Finais – Rede Privada (Em %): -
572	3556453	Vargem Grande Paulista	-	Taxa de Abandono do Ensino Fundamental – Anos Finais – Rede Privada (Em %): -
573	3500758	Alambari	-	Taxa de Abandono do Ensino Fundamental – Anos Finais – Rede Privada (Em %): -
574	3501152	Alumínio	-	Taxa de Abandono do Ensino Fundamental – Anos Finais – Rede Privada (Em %): -
575	3502754	Araçariguama	-	Taxa de Abandono do Ensino Fundamental – Anos Finais – Rede Privada (Em %): -
576	3503158	Arapeí	-	Taxa de Abandono do Ensino Fundamental – Anos Finais – Rede Privada (Em %): -
577	3503950	Aspásia	-	Taxa de Abandono do Ensino Fundamental – Anos Finais – Rede Privada (Em %): -
578	3505351	Barra do Chapéu	-	Taxa de Abandono do Ensino Fundamental – Anos Finais – Rede Privada (Em %): -
579	3506359	Bertioga	-	Taxa de Abandono do Ensino Fundamental – Anos Finais – Rede Privada (Em %): -
580	3507159	Bom Sucesso de Itararé	-	Taxa de Abandono do Ensino Fundamental – Anos Finais – Rede Privada (Em %): -
581	3507456	Borebi	-	Taxa de Abandono do Ensino Fundamental – Anos Finais – Rede Privada (Em %): -
582	3509254	Cajati	-	Taxa de Abandono do Ensino Fundamental – Anos Finais – Rede Privada (Em %): -
583	3509452	Campina do Monte Alegre	-	Taxa de Abandono do Ensino Fundamental – Anos Finais – Rede Privada (Em %): -
584	3510153	Canitar	-	Taxa de Abandono do Ensino Fundamental – Anos Finais – Rede Privada (Em %): -
585	3513850	Dirce Reis	-	Taxa de Abandono do Ensino Fundamental – Anos Finais – Rede Privada (Em %): -
586	3514924	Elisiário	-	Taxa de Abandono do Ensino Fundamental – Anos Finais – Rede Privada (Em %): -
587	3514957	Embaúba	-	Taxa de Abandono do Ensino Fundamental – Anos Finais – Rede Privada (Em %): -
588	3515129	Emilianópolis	-	Taxa de Abandono do Ensino Fundamental – Anos Finais – Rede Privada (Em %): -
589	3515152	Engenheiro Coelho	-	Taxa de Abandono do Ensino Fundamental – Anos Finais – Rede Privada (Em %): -
590	3515194	Espírito Santo do Turvo	-	Taxa de Abandono do Ensino Fundamental – Anos Finais – Rede Privada (Em %): -
591	3557303	Estiva Gerbi	-	Taxa de Abandono do Ensino Fundamental – Anos Finais – Rede Privada (Em %): -
592	3515350	Euclides da Cunha Paulista	-	Taxa de Abandono do Ensino Fundamental – Anos Finais – Rede Privada (Em %): -
593	3518859	Guatapará	-	Taxa de Abandono do Ensino Fundamental – Anos Finais – Rede Privada (Em %): -
594	3519055	Holambra	-	Taxa de Abandono do Ensino Fundamental – Anos Finais – Rede Privada (Em %): -
595	3519071	Hortolândia	-	Taxa de Abandono do Ensino Fundamental – Anos Finais – Rede Privada (Em %): -
596	3519253	Iaras	-	Taxa de Abandono do Ensino Fundamental – Anos Finais – Rede Privada (Em %): -
597	3520426	Ilha Comprida	-	Taxa de Abandono do Ensino Fundamental – Anos Finais – Rede Privada (Em %): -
598	3520442	Ilha Solteira	-	Taxa de Abandono do Ensino Fundamental – Anos Finais – Rede Privada (Em %): -
599	3522158	Itaóca	-	Taxa de Abandono do Ensino Fundamental – Anos Finais – Rede Privada (Em %): -
600	3522653	Itapirapuã Paulista	-	Taxa de Abandono do Ensino Fundamental – Anos Finais – Rede Privada (Em %): -
601	3527256	Lourdes	-	Taxa de Abandono do Ensino Fundamental – Anos Finais – Rede Privada (Em %): -
602	3528858	Marapoama	-	Taxa de Abandono do Ensino Fundamental – Anos Finais – Rede Privada (Em %): -
603	3529658	Mesópolis	-	Taxa de Abandono do Ensino Fundamental – Anos Finais – Rede Privada (Em %): -
604	3532058	Motuca	-	Taxa de Abandono do Ensino Fundamental – Anos Finais – Rede Privada (Em %): -
605	3532827	Nova Campina	-	Taxa de Abandono do Ensino Fundamental – Anos Finais – Rede Privada (Em %): -
606	3532843	Nova Canaã Paulista	-	Taxa de Abandono do Ensino Fundamental – Anos Finais – Rede Privada (Em %): -
607	3533254	Novais	-	Taxa de Abandono do Ensino Fundamental – Anos Finais – Rede Privada (Em %): -
608	3536257	Parisi	-	Taxa de Abandono do Ensino Fundamental – Anos Finais – Rede Privada (Em %): -
609	3537156	Pedrinhas Paulista	-	Taxa de Abandono do Ensino Fundamental – Anos Finais – Rede Privada (Em %): -
610	3540259	Pontalinda	-	Taxa de Abandono do Ensino Fundamental – Anos Finais – Rede Privada (Em %): -
611	3540754	Potim	-	Taxa de Abandono do Ensino Fundamental – Anos Finais – Rede Privada (Em %): -
612	3543253	Ribeirão Grande	-	Taxa de Abandono do Ensino Fundamental – Anos Finais – Rede Privada (Em %): -
613	3544251	Rosana	-	Taxa de Abandono do Ensino Fundamental – Anos Finais – Rede Privada (Em %): -
614	3545159	Saltinho	-	Taxa de Abandono do Ensino Fundamental – Anos Finais – Rede Privada (Em %): -
615	3549250	São João de Iracema	-	Taxa de Abandono do Ensino Fundamental – Anos Finais – Rede Privada (Em %): -
616	3549953	São Lourenço da Serra	-	Taxa de Abandono do Ensino Fundamental – Anos Finais – Rede Privada (Em %): -
617	3548054	Santo Antonio do Aracanguá	-	Taxa de Abandono do Ensino Fundamental – Anos Finais – Rede Privada (Em %): -
618	3552551	Suzanápolis	-	Taxa de Abandono do Ensino Fundamental – Anos Finais – Rede Privada (Em %): -
619	3553856	Taquarivaí	-	Taxa de Abandono do Ensino Fundamental – Anos Finais – Rede Privada (Em %): -
620	3553955	Tarumã	-	Taxa de Abandono do Ensino Fundamental – Anos Finais – Rede Privada (Em %): -
621	3554656	Torre de Pedra	-	Taxa de Abandono do Ensino Fundamental – Anos Finais – Rede Privada (Em %): -
622	3554953	Tuiuti	-	Taxa de Abandono do Ensino Fundamental – Anos Finais – Rede Privada (Em %): -
623	3555356	Ubarana	-	Taxa de Abandono do Ensino Fundamental – Anos Finais – Rede Privada (Em %): -
624	3556354	Vargem	-	Taxa de Abandono do Ensino Fundamental – Anos Finais – Rede Privada (Em %): -
625	3557154	Zacarias	-	Taxa de Abandono do Ensino Fundamental – Anos Finais – Rede Privada (Em %): -
626	3503356	Arco Íris	-	Taxa de Abandono do Ensino Fundamental – Anos Finais – Rede Privada (Em %): -
627	3507753	Brejo Alegre	-	Taxa de Abandono do Ensino Fundamental – Anos Finais – Rede Privada (Em %): -
628	3509957	Canas	-	Taxa de Abandono do Ensino Fundamental – Anos Finais – Rede Privada (Em %): -
629	3540853	Pracinha	-	Taxa de Abandono do Ensino Fundamental – Anos Finais – Rede Privada (Em %): -
630	3541059	Pratânia	-	Taxa de Abandono do Ensino Fundamental – Anos Finais – Rede Privada (Em %): -
631	3541653	Quadra	-	Taxa de Abandono do Ensino Fundamental – Anos Finais – Rede Privada (Em %): -
632	3546256	Santa Cruz da Esperança	-	Taxa de Abandono do Ensino Fundamental – Anos Finais – Rede Privada (Em %): -
633	3547650	Santa Salete	-	Taxa de Abandono do Ensino Fundamental – Anos Finais – Rede Privada (Em %): -
634	3556958	Vitória Brasil	-	Taxa de Abandono do Ensino Fundamental – Anos Finais – Rede Privada (Em %): -
635	3521150	Ipiguá	-	Taxa de Abandono do Ensino Fundamental – Anos Finais – Rede Privada (Em %): -
636	3553658	Taquaral	-	Taxa de Abandono do Ensino Fundamental – Anos Finais – Rede Privada (Em %): -
637	3515657	Fernão	-	Taxa de Abandono do Ensino Fundamental – Anos Finais – Rede Privada (Em %): -
638	3516853	Gavião Peixoto	-	Taxa de Abandono do Ensino Fundamental – Anos Finais – Rede Privada (Em %): -
639	3525854	Jumirim	-	Taxa de Abandono do Ensino Fundamental – Anos Finais – Rede Privada (Em %): -
640	3532157	Nantes	-	Taxa de Abandono do Ensino Fundamental – Anos Finais – Rede Privada (Em %): -
641	3532868	Nova Castilho	-	Taxa de Abandono do Ensino Fundamental – Anos Finais – Rede Privada (Em %): -
642	3534757	Ouroeste	-	Taxa de Abandono do Ensino Fundamental – Anos Finais – Rede Privada (Em %): -
643	3536570	Paulistânia	-	Taxa de Abandono do Ensino Fundamental – Anos Finais – Rede Privada (Em %): -
644	3543238	Ribeirão dos Índios	-	Taxa de Abandono do Ensino Fundamental – Anos Finais – Rede Privada (Em %): -
645	3554755	Trabiju	-	Taxa de Abandono do Ensino Fundamental – Anos Finais – Rede Privada (Em %): -
